    15.50    15.00    15.00    20.00    20.00    25.00    27.50    25.50    25.00    25.00    20.00    17.50
    15.00    15.50    15.00    15.00    16.50    25.00    25.50    30.00    28.00    24.50    22.50    18.50
    15.00    17.50    16.50    16.00    16.50    22.50    26.00    28.50    28.00    22.00    22.50    19.50
    17.50    15.00    16.00    17.50    22.50    23.00    25.00    34.00    31.00    25.00    20.00    17.50
    17.50    16.00    15.50    18.00    21.00    25.00    31.50    24.50    28.00    26.00    22.00    15.00
    15.00    15.00    15.00    19.50    25.00    25.00    29.00    27.50    27.50    26.00    22.50    18.50
    15.00    15.00    15.00    17.50    17.50    22.50    27.50    32.50    26.00    24.50    21.50    17.50
    15.00    15.00    15.00    17.50    20.50    22.00    24.50    26.50    27.50    25.50    20.50    16.50
    15.00    17.00    15.00    18.00    18.00    22.00    27.50    27.50    27.50    23.50    22.50    18.50
    15.00    15.50    15.00    16.00    19.50    24.00    27.00    32.00    29.50    23.00    19.00    18.50
    15.50    15.00    15.00    16.50    22.50    25.00    30.00    31.50    30.50    27.50    20.00    17.50
    15.00    15.00    17.50    14.00    22.00    25.00    27.50    30.00    27.50    26.00    22.50    17.00
    14.50    15.00    15.00    15.00    25.00    27.50    29.00    27.50    25.00    25.50    20.00    20.00
    17.50    17.50    15.00    21.50    20.00    23.50    30.00    33.00    30.00    25.00    20.00    17.50
    16.50    15.00    15.00    17.00    22.50    24.50    27.50    28.50    27.50    17.50    22.50    19.00
    17.50    15.00    16.50    17.50    18.50    22.50    28.50    35.00    30.00    20.00    20.00    17.50
    17.50    15.00    15.00    20.00    14.00    22.50    30.00    30.00    25.50    25.00    24.50    18.00
    15.00    13.50    15.50    14.00    13.50    22.50    25.00    30.00    28.50    24.00    19.50    17.00
    17.50    15.00    15.00    15.00    20.00    23.50    27.50    29.50    27.50    20.00    22.00    19.50
    15.00    16.00    16.00    17.50    18.00    23.50    25.50    32.00    30.00    23.50    20.00    18.00
    12.50    15.00    15.50    17.50    20.50    25.00    27.50    32.50    27.50    25.00    22.00    19.00
    17.50    13.00    12.50    12.50    21.00    24.00    30.00    29.50    26.50    24.00    22.50    18.00
    15.00    15.00    15.00    20.50    19.50    22.50    29.50    32.50    27.00    25.00    20.00    18.50
    12.50    15.50    15.50    21.50    21.50    24.50    27.00    34.50    28.50    25.00    22.50    20.00
    17.50    15.00    15.00    17.00    20.00    25.00    30.00    33.00    30.00    25.00    21.50    19.00
    17.50    15.00    16.00    18.50    21.50    25.00    27.50    29.50    27.50    23.50    22.50    17.50
    15.00    17.50    17.50    20.00    20.00    25.00    27.50    24.50    29.00    22.00    22.50    17.50
    16.50    15.00    15.00    17.50    20.50    26.00    34.00    32.50    27.50    24.50    22.50    18.50
    15.00    13.50    15.00    20.00    18.00    27.50    25.00    29.50    30.00    25.00    24.00    19.00
    15.00    15.00    17.50    17.50    22.50    25.00    26.50    25.50    29.50    23.50    22.50    16.00
    15.00    15.00    16.00    17.50    21.00    23.00    30.00    30.50    27.50    24.50    22.00    19.50
    15.00    15.00    17.50    15.00    22.00    23.50    25.00    31.00    28.00    22.00    22.50    20.00
    17.00    15.00    15.00    17.00    17.00    21.50    25.00    27.50    25.00    25.00    20.00    17.50
    16.50    15.00    17.00    15.00    19.50    24.50    19.50    34.00    26.00    23.50    21.50    17.50
    15.00    16.50    17.50    15.00    18.50    24.00    27.50    35.00    27.50    25.00    19.50    20.00
    15.00    15.00    15.00    17.50    20.50    23.50    27.50    33.00    27.50    23.00    22.50    19.00
    17.50    16.00    16.50    17.50    19.50    21.00    27.50    27.50    25.50    25.00    22.00    20.00
    20.00    17.00    17.50    16.50    19.50    23.50    27.50    22.50    28.50    23.00    20.00    20.00
    20.00    17.50    15.00    17.50    22.50    24.50    28.00    33.00    30.50    24.00    20.00    17.50
    16.50    14.50    15.00    15.00    21.00    25.00    27.50    28.50    28.50    24.50    22.50    18.50
    15.00    15.00    17.50    19.50    20.00    25.00    27.50    31.00    30.00    26.00    22.50    18.00
    17.50    15.00    17.50    15.00    13.00    23.50    25.00    32.00    27.50    24.50    24.00    17.50
    17.50    17.50    16.00    17.50    19.00    22.50    26.50    28.50    27.50    24.50    22.50    20.00
    16.00    15.00    15.00    17.50    20.50    23.50    31.00    35.00    28.00    27.00    20.00    20.00
    15.50    15.00    15.00    18.00    19.50    22.50    27.50    30.00    27.00    25.00    19.00    17.50
    16.50    15.00    15.00    16.00    19.50    22.50    28.00    23.50    25.50    23.00    22.50    18.00
    15.00    17.50    15.00    17.50    18.00    24.50    27.50    28.00    27.00    21.50    19.50    17.50
    17.50    15.00    15.00    17.50    22.00    25.00    23.50    28.00    29.50    25.00    21.00    20.00
    16.50    17.50    17.50    18.00    21.00    25.50    28.50    32.50    30.00    25.00    20.00    17.50
    15.00    16.00    17.50    17.50    17.50    25.50    26.50    29.50    30.00    25.00    22.50    20.00
    17.50    17.50    15.00    17.50    17.50    25.00    29.00    29.00    26.00    24.50    20.50    17.50
    15.00    15.50    17.50    16.00    16.00    23.50    30.00    30.00    27.50    23.00    20.00    17.50
    15.50    15.00    15.00    17.50    19.00    24.00    25.00    30.00    29.50    25.00    22.50    17.50
    15.00    15.00    15.00    17.50    22.50    27.00    26.00    30.00    30.00    25.00    24.00    17.50
    15.00    15.00    17.00    17.50    15.00    24.00    27.50    27.50    30.00    26.00    18.00    17.50
    15.00    17.50    15.00    17.50    21.00    23.00    27.50    31.50    27.50    24.50    20.00    20.00
    17.50    14.00    15.00    17.50    18.00    20.00    25.00    32.50    32.50    25.00    22.50    17.50
    17.50    15.00    15.00    17.00    21.00    25.00    29.50    20.50    26.00    22.50    21.50    17.50
    15.00    16.50    15.00    17.50    19.00    22.50    29.50    30.00    27.00    24.50    22.50    16.00
    15.00    12.50    17.50    17.50    15.00    22.00    29.50    35.00    29.00    26.50    20.00    15.00
    15.00    12.50    17.50    15.00    22.50    25.00    28.00    32.50    29.00    26.50    22.00    18.00
    15.00    17.50    15.50    15.50    18.50    24.00    27.50    35.00    29.00    22.50    17.50    17.00
    15.00    16.50    17.50    15.00    17.50    23.00    28.00    28.50    32.50    27.00    20.00    15.50
    15.00    12.50    15.00    17.50    20.00    22.50    25.00    32.00    25.50    25.00    20.00    17.50
    15.00    12.50    15.50    17.50    21.50    25.00    30.00    28.00    25.00    22.50    22.50    18.00
    17.50    17.50    14.50    18.00    20.00    23.00    26.50    17.00    30.50    25.00    20.00    20.00
    15.00    15.00    15.00    17.50    20.00    23.00    27.00    28.50    25.50    27.50    20.00    20.00
    17.50    17.50    15.50    17.50    20.00    25.00    33.50    32.50    29.50    24.00    20.00    20.00
    17.50    17.50    17.50    17.50    16.50    23.00    27.50    31.00    30.00    27.00    22.50    20.00
    17.50    17.50    15.00    17.00    19.50    24.50    28.50    32.50    28.50    24.50    22.50    20.00
