    15.25    15.00    15.00    18.75    18.75    22.00    26.75    29.00    25.00    22.75    19.50    17.50
    15.00    15.25    15.00    15.00    18.00    23.75    25.00    29.75    27.00    23.50    21.00    18.00
    15.00    16.75    15.75    15.50    15.75    22.50    26.75    30.50    26.50    21.75    22.50    18.50
    16.50    13.75    15.50    17.00    22.25    22.50    25.00    33.25    29.00    23.00    19.25    17.50
    16.25    15.50    15.25    17.50    20.25    24.25    28.50    30.00    27.75    24.00    20.25    15.00
    15.00    15.00    15.00    18.50    22.75    24.50    29.50    27.50    26.75    24.00    21.25    18.75
    15.00    14.00    14.25    17.25    16.25    18.50    27.50    30.00    25.50    22.25    18.50    16.25
    15.00    12.75    15.50    17.50    19.75    17.25    27.25    27.00    26.75    23.75    19.00    15.75
    14.50    16.00    16.00    16.50    18.00    20.50    27.00    27.50    25.25    20.25    20.75    18.00
    15.75    15.25    15.00    16.75    19.75    23.25    28.25    30.00    28.50    22.75    18.25    16.75
    15.25    15.00    15.00    15.75    21.00    25.00    30.25    31.75    30.00    25.00    20.00    17.50
    13.75    15.75    16.25    14.50    21.00    23.25    27.50    28.75    27.25    21.75    21.25    17.00
    12.75    13.75    15.00    16.25    23.25    20.25    28.25    26.25    26.25    22.00    19.25    17.50
    16.00    16.75    14.00    21.00    20.00    22.00    30.00    32.50    28.75    24.75    20.00    16.50
    14.50    15.25    15.00    17.00    19.75    22.50    27.50    26.75    25.00    18.00    21.25    18.25
    16.25    15.00    15.75    17.25    15.50    21.00    28.00    33.50    20.00    20.00    20.00    17.50
    17.50    14.50    15.00    19.25    15.75    19.75    28.75    31.25    24.00    23.00    23.50    15.50
    15.00    12.00    14.50    13.25    14.25    20.75    22.25    28.75    28.00    20.75    18.50    16.50
    17.00    15.00    14.75    15.00    18.50    20.75    27.50    28.25    28.25    19.00    19.75    18.50
    13.75    15.00    15.50    16.25    17.25    23.25    25.25    31.25    29.00    23.00    20.00    17.75
    12.50    14.75    15.25    16.50    18.50    24.50    28.50    29.75    26.50    23.75    21.00    18.00
    16.00    12.75    12.50    13.00    18.75    22.50    20.00    29.50    24.50    22.00    21.25    17.00
    13.75    15.00    15.00    18.00    19.50    21.25    26.50    32.50    26.00    23.75    20.00    17.75
    12.50    15.25    15.25    18.75    20.75    22.75    26.50    22.25    26.75    25.00    22.25    20.00
    17.00    15.00    15.00    17.25    18.75    22.75    28.00    33.75    29.50    25.00    19.50    18.25
    16.50    14.75    15.50    18.00    19.25    23.75    25.75    29.75    25.00    21.75    20.00    17.50
    14.25    16.25    17.50    18.75    19.50    22.75    28.50    25.50    28.00    21.00    19.50    16.75
    15.75    14.00    14.50    16.50    18.50    24.25    33.00    32.50    27.00    23.50    20.75    18.00
    14.00    13.00    15.00    18.00    16.00    24.25    26.00    29.75    27.50    21.25    21.50    18.25
    14.25    13.75    17.50    17.25    20.75    24.25    26.25    25.25    27.25    21.75    21.25    15.50
    15.00    15.00    15.50    17.25    18.25    20.00    30.00    29.00    26.25    22.50    21.00    18.00
    13.00    14.50    16.75    14.00    18.75    21.75    25.00    29.75    26.50    21.75    20.75    18.00
    15.50    13.25    12.75    16.00    16.00    20.75    25.00    22.00    25.00    23.75    18.75    16.25
    15.75    15.00    16.00    15.00    17.25    23.50    22.25    33.25    25.00    22.75    20.75    17.50
    14.50    15.75    16.50    14.50    18.00    19.00    26.25    33.50    27.25    24.50    18.50    17.50
    15.00    13.75    15.00    17.50    16.00    21.75    27.50    30.25    26.00    21.50    21.25    18.25
    16.25    15.50    15.75    17.00    18.25    19.50    26.25    27.00    24.00    23.00    21.00    18.75
    18.50    16.00    16.50    15.75    18.50    23.00    27.50    20.25    26.00    24.00    19.25    18.50
    19.00    16.75    15.00    16.25    20.75    23.50    26.50    29.25    28.50    23.25    19.50    15.25
    14.75    13.50    15.00    15.00    19.75    22.25    27.50    30.25    27.75    22.25    21.25    18.00
    15.00    14.00    17.25    18.50    19.75    23.75    27.00    28.00    28.50    23.00    20.50    17.25
    15.00    13.75    16.50    14.50    13.50    20.75    25.00    30.25    27.25    22.75    20.75    17.50
    16.25    16.00    15.50    16.25    18.25    21.00    24.75    28.00    26.25    22.75    21.50    19.00
    15.50    14.25    15.00    17.50    19.00    23.00    32.00    33.75    25.50    22.75    20.00    18.75
    15.25    13.75    15.00    17.75    17.50    21.25    27.50    29.75    25.25    23.75    18.25    17.00
    15.75    15.00    15.00    15.50    17.50    22.50    27.75    25.50    25.25    21.75    22.50    16.50
    14.25    16.75    14.75    16.50    17.00    19.50    25.50    23.00    23.75    20.75    18.50    17.00
    16.25    13.75    15.00    16.75    16.75    22.25    23.00    27.75    26.25    23.75    20.50    19.25
    16.50    17.25    16.25    17.75    19.00    24.00    24.75    27.25    28.75    23.75    20.00    17.50
    15.00    15.50    17.50    17.50    17.00    23.25    27.75    30.00    26.25    25.00    21.50    19.00
    17.00    17.50    15.00    16.25    17.25    23.25    28.75    27.75    25.00    23.50    19.00    17.50
    14.75    15.25    16.75    16.75    16.75    22.00    22.00    28.75    24.75    21.50    19.00    16.25
    14.75    15.00    15.00    16.75    18.25    21.25    25.00    30.00    28.50    22.50    21.50    17.50
    13.75    15.00    15.00    15.75    20.75    23.50    26.25    30.00    27.25    22.50    22.00    16.75
    14.25    15.00    15.75    16.50    15.00    20.50    27.50    28.25    29.50    23.75    19.00    17.50
    15.00    16.50    15.00    17.50    20.25    21.75    27.50    32.00    26.00    23.50    18.75    18.50
    16.25    13.50    15.00    16.25    16.50    19.25    25.00    32.50    30.25    24.25    21.50    17.25
    17.50    15.00    14.25    16.00    19.25    23.25    29.50    22.25    26.50    22.50    19.75    16.50
    14.00    17.00    15.00    16.00    16.50    20.25    27.50    29.75    27.00    23.50    20.25    14.50
    15.00    12.50    17.00    16.75    14.25    20.00    26.25    33.25    28.25    24.75    18.75    15.00
    15.00    13.00    16.25    15.00    20.50    23.75    27.75    30.50    28.25    24.50    20.75    17.75
    15.00    16.25    16.50    15.25    18.00    22.25    27.50    33.75    25.75    22.00    17.25    16.00
    15.00    17.00    16.25    14.50    16.75    22.75    28.50    29.25    30.00    23.50    18.75    15.25
    14.75    13.00    15.00    17.00    18.75    20.75    25.75    28.50    25.25    23.25    18.75    17.50
    15.00    12.50    15.25    17.00    19.75    23.75    21.75    24.50    23.75    22.50    20.75    17.75
    16.00    16.25    13.50    17.00    19.50    22.00    27.00    23.75    28.50    25.00    20.00    18.75
    16.00    15.00    15.00    17.00    18.25    21.50    27.25    28.00    25.25    26.25    20.00    18.75
    17.00    15.75    14.00    16.00    20.00    21.25    34.00    33.75    28.50    21.25    19.00    19.75
    17.00    16.25    16.00    16.25    15.50    20.50    25.50    28.50    28.50    23.50    21.25    19.00
    16.25    16.75    15.00    15.50    18.25    23.00    26.75    32.00    25.50    24.00    22.00    19.25
