    15.00    15.00    15.00    17.50    17.50    19.00    26.00    32.50    25.00    20.50    19.00    17.50
    15.00    15.00    15.00    15.00    19.50    22.50    24.50    29.50    26.00    22.50    19.50    17.50
    15.00    16.00    15.00    15.00    15.00    22.50    27.50    32.50    25.00    21.50    22.50    17.50
    15.50    12.50    15.00    16.50    22.00    22.00    25.00    32.50    27.00    21.00    18.50    17.50
    15.00    15.00    15.00    17.00    19.50    23.50    25.50    35.50    27.50    22.00    18.50    15.00
    15.00    15.00    15.00    17.50    20.50    24.00    30.00    27.50    26.00    22.00    20.00    19.00
    15.00    13.00    13.50    17.00    15.00    14.50    27.50    27.50    25.00    20.00    15.50    15.00
    15.00    10.50    16.00    17.50    19.00    12.50    30.00    27.50    26.00    22.00    17.50    15.00
    14.00    15.00    17.00    15.00    18.00    19.00    26.50    27.50    23.00    17.00    19.00    17.50
    16.50    15.00    15.00    17.50    20.00    22.50    29.50    28.00    27.50    22.50    17.50    15.00
    15.00    15.00    15.00    15.00    19.50    25.00    30.50    32.00    29.50    22.50    20.00    17.50
    12.50    16.50    15.00    15.00    20.00    21.50    27.50    27.50    27.00    17.50    20.00    17.00
    11.00    12.50    15.00    17.50    21.50    13.00    27.50    25.00    27.50    18.50    18.50    15.00
    14.50    16.00    13.00    20.50    20.00    20.50    30.00    32.00    27.50    24.50    20.00    15.50
    12.50    15.50    15.00    17.00    17.00    20.50    27.50    25.00    22.50    18.50    20.00    17.50
    15.00    15.00    15.00    17.00    12.50    19.50    27.50    32.00    10.00    20.00    20.00    17.50
    17.50    14.00    15.00    18.50    17.50    17.00    27.50    32.50    22.50    21.00    22.50    13.00
    15.00    10.50    13.50    12.50    15.00    19.00    19.50    27.50    27.50    17.50    17.50    16.00
    16.50    15.00    14.50    15.00    17.00    18.00    27.50    27.00    29.00    18.00    17.50    17.50
    12.50    14.00    15.00    15.00    16.50    23.00    25.00    30.50    28.00    22.50    20.00    17.50
    12.50    14.50    15.00    15.50    16.50    24.00    29.50    27.00    25.50    22.50    20.00    17.00
    14.50    12.50    12.50    13.50    16.50    21.00    10.00    29.50    22.50    20.00    20.00    16.00
    12.50    15.00    15.00    15.50    19.50    20.00    23.50    32.50    25.00    22.50    20.00    17.00
    12.50    15.00    15.00    16.00    20.00    21.00    26.00    10.00    25.00    25.00    22.00    20.00
    16.50    15.00    15.00    17.50    17.50    20.50    26.00    34.50    29.00    25.00    17.50    17.50
    15.50    14.50    15.00    17.50    17.00    22.50    24.00    30.00    22.50    20.00    17.50    17.50
    13.50    15.00    17.50    17.50    19.00    20.50    29.50    26.50    27.00    20.00    16.50    16.00
    15.00    13.00    14.00    15.50    16.50    22.50    32.00    32.50    26.50    22.50    19.00    17.50
    13.00    12.50    15.00    16.00    14.00    21.00    27.00    30.00    25.00    17.50    19.00    17.50
    13.50    12.50    17.50    17.00    19.00    23.50    26.00    25.00    25.00    20.00    20.00    15.00
    15.00    15.00    15.00    17.00    15.50    17.00    30.00    27.50    25.00    20.50    20.00    16.50
    11.00    14.00    16.00    13.00    15.50    20.00    25.00    28.50    25.00    21.50    19.00    16.00
    14.00    11.50    10.50    15.00    15.00    20.00    25.00    16.50    25.00    22.50    17.50    15.00
    15.00    15.00    15.00    15.00    15.00    22.50    25.00    32.50    24.00    22.00    20.00    17.50
    14.00    15.00    15.50    14.00    17.50    14.00    25.00    32.00    27.00    24.00    17.50    15.00
    15.00    12.50    15.00    17.50    11.50    20.00    27.50    27.50    24.50    20.00    20.00    17.50
    15.00    15.00    15.00    16.50    17.00    18.00    25.00    26.50    22.50    21.00    20.00    17.50
    17.00    15.00    15.50    15.00    17.50    22.50    27.50    18.00    23.50    25.00    18.50    17.00
    18.00    16.00    15.00    15.00    19.00    22.50    25.00    25.50    26.50    22.50    19.00    13.00
    13.00    12.50    15.00    15.00    18.50    19.50    27.50    32.00    27.00    20.00    20.00    17.50
    15.00    13.00    17.00    17.50    19.50    22.50    26.50    25.00    27.00    20.00    18.50    16.50
    12.50    12.50    15.50    14.00    14.00    18.00    25.00    28.50    27.00    21.00    17.50    17.50
    15.00    14.50    15.00    15.00    17.50    19.50    23.00    27.50    25.00    21.00    20.50    18.00
    15.00    13.50    15.00    17.50    17.50    22.50    33.00    32.50    23.00    18.50    20.00    17.50
    15.00    12.50    15.00    17.50    15.50    20.00    27.50    29.50    23.50    22.50    17.50    16.50
    15.00    15.00    15.00    15.00    15.50    22.50    27.50    27.50    25.00    20.50    22.50    15.00
    13.50    16.00    14.50    15.50    16.00    14.50    23.50    18.00    20.50    20.00    17.50    16.50
    15.00    12.50    15.00    16.00    11.50    19.50    22.50    27.50    23.00    22.50    20.00    18.50
    16.50    17.00    15.00    17.50    17.00    22.50    21.00    22.00    27.50    22.50    20.00    17.50
    15.00    15.00    17.50    17.50    16.50    21.00    29.00    30.50    22.50    25.00    20.50    18.00
    16.50    17.50    15.00    15.00    17.00    21.50    28.50    26.50    24.00    22.50    17.50    17.50
    14.50    15.00    16.00    17.50    17.50    20.50    14.00    27.50    22.00    20.00    18.00    15.00
    14.00    15.00    15.00    16.00    17.50    18.50    25.00    30.00    27.50    20.00    20.50    17.50
    12.50    15.00    15.00    14.00    19.00    20.00    26.50    30.00    24.50    20.00    20.00    16.00
    13.50    15.00    14.50    15.50    15.00    17.00    27.50    29.00    29.00    21.50    20.00    17.50
    15.00    15.50    15.00    17.50    19.50    20.50    27.50    32.50    24.50    22.50    17.50    17.00
    15.00    13.00    15.00    15.00    15.00    18.50    25.00    32.50    28.00    23.50    20.50    17.00
    17.50    15.00    13.50    15.00    17.50    21.50    29.50    24.00    27.00    22.50    18.00    15.50
    13.00    17.50    15.00    14.50    14.00    18.00    25.50    29.50    27.00    22.50    18.00    13.00
    15.00    12.50    16.50    16.00    13.50    18.00    23.00    31.50    27.50    23.00    17.50    15.00
    15.00    13.50    15.00    15.00    18.50    22.50    27.50    28.50    27.50    22.50    19.50    17.50
    15.00    15.00    17.50    15.00    17.50    20.50    27.50    32.50    22.50    21.50    17.00    15.00
    15.00    17.50    15.00    14.00    16.00    22.50    29.00    30.00    27.50    20.00    17.50    15.00
    14.50    13.50    15.00    16.50    17.50    19.00    26.50    25.00    25.00    21.50    17.50    17.50
    15.00    12.50    15.00    16.50    18.00    22.50    13.50    21.00    22.50    22.50    19.00    17.50
    14.50    15.00    12.50    16.00    19.00    21.00    27.50    30.50    26.50    25.00    20.00    17.50
    17.00    15.00    15.00    16.50    16.50    20.00    27.50    27.50    25.00    25.00    20.00    17.50
    16.50    14.00    12.50    14.50    20.00    17.50    34.50    35.00    27.50    18.50    18.00    19.50
    16.50    15.00    14.50    15.00    14.50    18.00    23.50    26.00    27.00    20.00    20.00    18.00
    15.00    16.00    15.00    14.00    17.00    21.50    25.00    31.50    22.50    23.50    21.50    18.50
